{
"type": "ttp", 
"numberOfCities": 100, 
"maxWeight": 39735, 
"droppingRate": 0.9, 
"droppingConstant": 10, 
"rentingRate": 1, 
"matrix": [
[0,395,686,394,535,859,882,382,486,258,545,492,534,900,814,552,903,784,430,922,535,50,531,591,520,361,306,573,861,861,87,633,383,488,75,259,394,674,524,366,306,716,505,235,612,991,595,943,338,451,519,510,297,286,399,298,611,455,520,273,167,845,308,232,328,186,545,217,217,309,145,353,875,530,367,738,444,682,635,631,398,760,705,430,369,260,604,534,543,478,338,660,491,770,683,739,174,631,907,651],
[395,0,580,576,510,980,860,17,543,630,787,529,385,796,1054,189,1142,1029,598,1161,770,356,378,827,714,532,689,183,749,670,472,908,602,198,467,653,418,549,649,752,698,891,331,457,516,868,556,903,641,779,345,637,441,680,624,202,793,682,242,445,384,1092,695,381,69,218,627,197,525,629,252,97,936,745,211,881,192,688,469,387,583,687,568,716,758,653,218,425,777,84,501,766,714,849,526,1009,555,488,1104,414],
[686,580,0,436,167,529,294,591,268,739,582,244,195,222,753,486,819,743,417,835,565,692,202,595,479,425,953,562,178,210,765,709,487,397,709,872,297,38,360,857,849,540,249,501,74,308,121,327,620,728,235,361,420,897,501,443,495,517,361,449,529,792,821,461,597,567,296,663,598,642,597,497,428,524,389,489,388,196,127,254,441,110,50,622,871,884,555,163,566,604,420,371,522,384,88,770,721,96,726,236],
[394,576,436,0,272,465,529,574,167,324,214,191,397,602,478,625,566,453,36,585,197,428,400,252,141,43,570,685,574,645,440,344,51,517,372,480,203,445,136,429,435,332,412,159,379,696,315,595,185,295,416,123,135,501,69,374,228,112,517,139,243,516,401,206,541,406,177,513,207,212,404,482,487,169,391,346,470,338,461,538,8,461,476,193,444,496,702,357,203,648,74,268,139,381,481,438,336,436,538,543],
[535,510,167,272,0,487,364,517,109,571,441,82,171,366,648,472,724,633,258,742,422,547,177,461,337,258,789,546,329,374,610,572,324,365,550,707,140,173,222,689,682,445,214,336,107,458,59,418,454,567,208,219,255,732,339,335,375,363,344,285,372,688,653,304,509,442,166,547,431,475,465,416,427,382,299,411,335,178,199,303,278,224,204,462,704,720,550,117,425,556,252,286,374,347,210,646,556,169,651,299],
[859,980,529,465,487,0,329,984,436,734,372,451,655,509,314,960,341,324,430,351,370,893,661,339,346,501,990,1033,520,682,899,409,478,852,831,900,562,565,344,790,828,173,701,625,540,570,463,377,575,577,694,358,583,914,467,784,260,420,831,597,706,343,789,658,964,853,352,964,658,613,860,883,141,353,770,123,820,336,643,768,461,449,577,502,806,918,1038,600,363,1035,528,214,389,146,617,393,776,607,219,756],
[882,860,294,529,364,329,0,870,396,852,570,389,479,183,627,780,668,630,495,679,557,901,487,558,487,542,1098,856,204,378,947,662,569,687,882,1009,497,332,398,946,961,430,534,657,345,242,309,67,702,765,521,409,586,1030,571,698,447,556,653,611,715,661,926,650,868,806,351,911,732,735,828,771,191,521,656,361,672,199,421,547,529,184,327,664,962,1025,850,435,554,893,555,304,541,224,375,684,863,390,549,526],
[382,17,591,574,517,984,870,0,547,620,784,534,396,809,1053,207,1141,1028,598,1160,768,342,389,825,714,531,674,200,762,685,458,905,599,213,455,639,421,561,651,741,686,892,342,453,527,882,564,914,635,772,357,639,439,666,622,203,794,680,258,442,378,1091,683,377,54,208,631,181,517,622,241,101,943,744,218,884,205,696,482,403,582,698,581,711,746,639,234,435,775,96,500,770,712,855,539,1006,544,501,1105,429],
[486,543,268,167,109,436,396,547,0,481,334,27,263,442,555,541,635,537,150,653,315,507,268,356,231,161,713,610,411,478,551,466,218,430,487,626,126,280,122,593,592,362,294,263,215,536,147,459,352,460,292,116,189,650,232,348,280,254,418,215,319,595,561,255,528,430,84,540,347,377,445,446,408,276,334,341,392,197,307,402,172,298,310,354,608,641,620,213,318,601,165,223,265,312,319,544,477,278,574,401],
[258,630,739,324,571,734,852,620,481,0,370,500,643,922,610,759,694,578,356,712,367,309,643,412,392,319,257,795,892,941,231,418,283,674,185,166,452,740,455,129,111,567,634,246,672,1017,624,919,159,211,644,443,324,182,283,480,473,316,694,296,268,634,82,314,569,412,502,473,144,121,380,567,789,380,536,610,624,663,731,770,323,780,772,236,140,184,823,621,375,715,319,572,344,685,766,519,84,715,725,783],
[545,787,582,214,441,372,570,784,334,370,0,361,593,695,273,838,363,246,202,382,18,589,597,45,104,256,623,900,680,789,564,133,185,730,499,534,411,603,223,417,457,200,616,341,543,784,465,636,218,207,617,223,346,546,163,587,125,104,728,342,427,308,418,408,748,604,286,705,329,256,594,695,455,59,606,254,684,425,640,734,206,570,630,133,433,552,916,546,16,861,286,265,74,360,647,224,425,609,363,734],
[492,529,244,191,82,451,389,534,27,500,361,0,237,425,580,519,659,562,176,677,342,511,242,383,258,182,728,590,392,453,560,493,243,409,497,642,116,254,148,614,611,384,269,276,189,519,124,451,375,485,268,142,198,666,257,337,304,281,395,226,325,620,581,260,517,427,103,536,364,398,443,432,414,303,318,360,372,190,279,375,197,281,285,380,629,656,598,186,345,585,181,239,292,321,292,571,492,251,595,374],
[534,385,195,397,171,655,479,396,263,643,593,237,0,414,816,309,894,800,395,912,574,530,7,619,493,369,824,384,368,328,619,726,446,209,571,752,200,166,385,771,748,616,54,397,133,493,193,519,558,688,42,379,322,779,466,260,542,503,179,349,395,857,726,334,403,390,335,477,499,570,425,303,582,537,199,583,193,328,101,141,405,302,189,589,783,761,385,55,579,413,350,458,521,512,154,807,606,108,823,146],
[900,796,222,602,366,509,183,809,442,922,695,425,414,0,795,682,842,794,575,854,680,909,421,693,600,603,1152,755,47,207,976,804,650,606,916,1068,506,248,491,1031,1034,588,466,699,296,94,307,165,786,873,451,498,620,1091,658,666,582,657,566,648,738,831,1002,670,818,790,431,886,789,815,819,717,373,640,611,522,603,272,328,436,605,143,227,767,1047,1081,743,386,679,813,606,437,652,388,272,840,917,308,727,411],
[814,1054,753,478,648,314,627,1053,555,610,273,580,816,795,0,1089,89,32,457,108,287,860,822,229,341,522,845,1155,795,940,825,192,457,979,762,762,658,782,432,615,673,213,849,615,735,868,652,683,478,404,848,440,614,767,435,853,275,376,971,613,701,40,636,680,1019,877,482,978,597,512,868,961,451,309,864,273,936,561,840,951,471,703,803,386,629,781,1168,764,280,1126,553,381,342,407,832,108,679,806,145,946],
[552,189,486,625,472,960,780,207,541,759,838,519,309,682,1089,0,1173,1069,637,1191,821,521,302,873,750,585,856,75,635,525,636,969,663,110,618,810,431,449,660,887,842,903,259,547,439,742,502,812,735,875,267,651,503,837,686,280,816,737,129,518,494,1129,832,465,253,366,623,379,634,731,406,198,891,789,237,879,154,637,360,247,633,597,460,795,895,812,79,362,826,151,556,756,764,819,413,1062,694,390,1115,273],
[903,1142,819,566,724,341,668,1141,635,694,363,659,894,842,89,1173,0,118,544,19,376,948,900,318,428,609,924,1239,847,999,912,276,546,1062,850,843,742,850,513,692,752,280,929,704,807,910,723,718,566,486,927,521,702,847,524,940,356,465,1053,702,790,59,716,769,1107,966,559,1068,686,599,957,1048,482,396,949,330,1020,624,912,1027,558,761,869,473,706,862,1252,841,369,1213,641,448,431,456,901,179,765,877,129,1021],
[784,1029,743,453,633,324,630,1028,537,578,246,562,800,794,32,1069,118,0,434,137,260,830,805,203,318,497,813,1133,793,933,793,160,430,958,731,730,637,771,414,583,641,207,831,588,723,869,639,687,447,372,830,421,588,735,408,828,258,349,951,587,673,62,604,654,993,850,466,950,567,480,840,936,458,284,841,271,915,554,827,936,446,697,793,355,598,749,1147,747,253,1102,528,373,316,407,821,80,647,793,172,932],
[430,598,417,36,258,430,495,598,150,356,202,176,395,575,457,637,544,434,0,563,183,463,399,235,116,72,604,700,549,627,477,334,75,528,408,514,208,430,100,457,466,301,415,195,365,668,296,562,211,310,417,88,162,535,84,396,198,108,526,170,277,495,432,236,567,436,146,544,243,241,436,504,450,151,407,311,483,308,453,537,34,435,460,204,473,531,716,351,189,668,102,232,127,344,468,424,372,425,510,539],
[922,1161,835,585,742,351,679,1160,653,712,382,677,912,854,108,1191,19,137,563,0,396,968,917,338,447,629,941,1258,860,1013,930,294,565,1081,869,860,760,866,531,708,769,297,947,724,824,921,740,728,584,503,945,540,721,864,544,959,375,484,1071,721,809,77,734,788,1127,985,576,1087,705,618,977,1067,492,416,968,345,1039,640,929,1044,578,775,885,492,722,879,1270,858,388,1232,660,464,450,469,917,195,783,894,135,1038],
[535,770,565,197,422,370,557,768,315,367,18,342,574,680,287,821,376,260,183,396,0,578,578,57,86,239,622,882,664,772,557,152,169,712,491,532,392,585,205,420,457,200,597,327,525,769,447,624,213,213,599,205,329,545,148,570,117,88,710,326,413,323,419,393,733,589,268,691,319,251,580,678,447,41,588,249,666,409,621,715,189,554,612,132,436,551,898,527,8,844,269,253,57,351,629,241,420,591,372,716],
[50,356,692,428,547,893,901,342,507,309,589,511,530,909,860,521,948,830,463,968,578,0,526,635,559,393,335,536,869,858,116,681,422,465,124,297,407,677,555,414,351,755,496,268,617,999,607,961,385,501,511,541,321,324,439,282,650,496,500,300,190,891,356,251,288,159,571,171,262,357,117,323,903,571,352,774,423,702,632,618,433,771,707,477,416,297,569,535,586,438,368,691,532,799,682,786,224,631,949,639],
[531,378,202,400,177,661,487,389,268,643,597,242,7,421,822,302,900,805,399,917,578,526,0,623,497,371,822,377,375,332,616,730,449,201,569,750,202,172,390,771,747,622,47,397,141,499,200,526,560,690,34,384,323,777,469,255,547,507,172,349,393,862,725,332,397,385,340,471,499,571,420,296,589,541,193,589,186,335,106,138,407,309,195,592,783,760,378,61,582,405,352,464,525,518,160,812,605,114,829,144],
[591,827,595,252,461,339,558,825,356,412,45,383,619,693,229,873,318,203,235,338,57,635,623,0,125,295,664,935,681,799,610,114,227,764,545,575,443,617,239,453,496,165,644,385,561,780,480,624,263,238,645,242,386,586,205,626,112,146,760,384,471,265,458,450,790,647,300,749,374,300,638,734,431,84,642,225,718,427,660,759,244,574,643,176,469,594,951,570,50,900,326,257,113,342,663,190,470,628,317,758],
[520,714,479,141,337,346,487,714,231,392,104,258,493,600,341,750,428,318,116,447,86,559,497,125,0,184,649,814,582,686,555,234,136,640,487,558,319,499,119,467,493,195,519,294,439,690,361,554,233,278,520,119,276,574,122,512,91,76,635,280,380,380,456,347,682,547,182,653,313,271,544,620,398,45,522,222,596,327,537,633,134,470,526,178,483,576,829,444,88,785,215,187,54,295,543,315,430,506,398,633],
[361,532,425,43,258,501,542,531,161,319,256,182,369,603,522,585,609,497,72,629,239,393,371,295,184,0,556,644,573,632,413,384,79,478,345,468,170,431,163,432,431,373,379,125,363,697,306,608,196,319,384,149,92,491,101,331,270,152,480,98,204,559,399,163,498,364,192,471,189,217,363,439,514,213,350,384,430,347,439,508,50,460,462,221,447,483,662,331,246,605,31,298,182,409,463,480,320,416,581,515],
[306,689,953,570,789,990,1098,674,713,257,623,728,824,1152,845,856,924,813,604,941,622,335,822,664,649,556,0,871,1118,1143,220,653,534,795,253,91,655,947,705,234,172,823,801,453,881,1246,846,1164,416,441,814,692,533,78,537,604,730,573,826,504,429,865,209,495,620,491,746,495,366,378,450,658,1045,637,671,867,750,904,921,932,570,1009,979,490,223,73,904,815,629,769,548,827,601,940,964,745,236,912,970,950],
[573,183,562,685,546,1033,856,200,610,795,900,590,384,755,1155,75,1239,1133,700,1258,882,536,377,935,814,644,871,0,709,593,653,1028,720,181,643,832,497,525,729,921,871,972,334,595,515,813,577,887,784,924,343,719,559,859,743,325,883,797,205,571,535,1194,865,514,252,389,693,381,677,777,428,228,966,851,294,950,219,713,436,319,693,672,535,849,928,833,35,437,888,115,615,827,825,893,487,1124,725,465,1184,345],
[861,749,178,574,329,520,204,762,411,892,680,392,368,47,795,635,847,793,549,860,664,869,375,681,582,573,1118,709,0,174,938,793,623,559,879,1034,468,202,469,1003,1003,586,420,664,253,130,271,200,759,852,405,475,584,1058,633,622,571,636,519,613,700,832,972,632,772,746,408,841,756,787,776,671,389,624,566,522,556,255,281,389,578,113,181,745,1019,1047,697,342,664,766,574,428,633,391,225,835,883,261,736,365],
[861,670,210,645,374,682,378,685,478,941,789,453,328,207,940,525,999,933,627,1013,772,858,332,799,686,632,1143,593,174,0,944,913,696,472,893,1066,491,201,568,1062,1050,727,367,698,269,230,331,372,828,938,352,570,618,1092,711,586,695,727,428,647,714,978,1023,648,706,717,504,797,798,849,753,608,558,731,520,669,485,379,226,284,650,237,169,832,1076,1077,575,328,773,669,625,561,731,545,178,968,917,230,894,257],
[87,472,765,440,610,899,947,458,551,231,564,560,619,976,825,636,912,793,477,930,557,116,616,610,555,413,220,653,938,944,0,637,421,575,68,183,470,755,575,315,247,747,591,290,691,1068,669,1010,348,439,605,562,362,209,433,385,645,484,607,336,237,853,258,305,404,270,603,283,242,313,229,437,927,558,454,776,530,748,719,718,443,834,786,439,315,181,685,616,565,554,394,709,518,821,765,741,149,714,928,738],
[633,908,709,344,572,409,662,905,466,418,133,493,726,804,192,969,276,160,334,294,152,681,730,114,234,384,653,1028,793,913,637,0,308,861,577,569,543,731,351,424,481,243,749,454,673,889,593,726,295,212,751,353,470,575,285,711,222,231,860,463,536,216,444,527,866,716,413,811,419,326,702,819,520,190,734,311,814,540,772,867,336,687,757,204,439,588,1046,679,147,985,413,366,207,441,776,105,489,740,321,867],
[383,602,487,51,324,478,569,599,218,283,185,243,446,650,457,663,546,430,75,565,169,422,449,227,136,79,534,720,623,696,421,308,0,557,352,443,249,497,171,381,392,332,458,160,431,743,366,636,136,244,463,160,162,463,23,403,227,81,560,157,246,493,357,223,563,420,221,523,180,166,413,511,513,152,427,356,509,383,512,587,46,509,528,143,397,460,739,407,177,677,106,294,115,408,533,407,305,488,530,592],
[488,198,397,517,365,852,687,213,430,674,730,409,209,606,979,110,1062,958,528,1081,712,465,201,764,640,478,795,181,559,472,575,861,557,0,548,740,321,363,550,803,763,792,156,449,342,674,399,724,636,775,166,541,400,768,579,195,706,629,44,416,406,1019,750,368,240,306,513,351,541,635,348,151,788,679,138,769,50,535,278,189,525,507,379,691,812,745,189,259,718,207,450,646,655,712,334,953,614,302,1004,216],
[75,467,709,372,550,831,882,455,487,185,499,497,571,916,762,618,850,731,408,869,491,124,569,545,487,345,253,643,879,893,68,577,352,548,0,192,411,700,507,290,231,680,547,224,635,1009,609,946,284,386,560,494,298,220,365,353,577,416,576,271,180,791,232,247,402,254,536,293,174,251,215,419,859,490,419,708,501,683,670,678,374,773,732,376,294,197,674,564,499,551,328,641,451,753,714,681,100,662,862,697],
[259,653,872,480,707,900,1009,639,626,166,534,642,752,1068,762,810,843,730,514,860,532,297,750,575,558,468,91,832,1034,1066,183,569,443,740,192,0,576,868,614,166,94,732,733,370,801,1161,763,1076,325,357,745,602,451,27,446,545,639,482,769,422,356,783,126,419,585,444,657,467,279,287,404,611,954,546,611,776,693,816,847,866,480,924,900,400,158,19,863,739,539,736,461,736,510,849,888,664,150,836,884,883],
[394,418,297,203,140,562,497,421,126,452,411,116,200,506,658,431,742,637,208,760,392,407,202,443,319,170,655,497,468,491,470,543,249,321,411,576,0,292,233,576,560,477,209,208,225,598,200,555,358,488,214,223,127,602,270,222,386,313,317,156,232,697,535,164,402,311,209,420,308,371,330,321,531,358,211,464,278,302,280,339,210,365,324,391,590,588,510,169,398,479,150,348,336,437,314,632,426,263,691,346],
[674,549,38,445,173,565,332,561,280,740,603,254,166,248,782,449,850,771,430,866,585,677,172,617,499,431,947,525,202,201,755,731,497,363,700,868,292,0,380,860,850,570,218,499,68,328,138,362,627,740,203,380,418,894,512,421,520,533,326,447,520,821,822,453,569,547,317,639,598,648,579,469,466,544,363,521,356,230,89,216,451,147,31,635,875,880,518,142,587,570,424,401,540,419,52,795,718,61,759,198],
[524,649,360,136,222,344,398,651,122,455,223,148,385,491,432,660,513,414,100,531,205,555,390,239,119,163,705,729,469,568,575,351,171,550,507,614,233,380,0,549,563,244,416,288,321,583,242,465,304,382,415,14,239,634,173,448,157,166,539,255,365,472,528,314,626,509,63,619,343,337,515,552,351,164,445,234,509,219,421,523,135,356,407,276,565,631,740,334,207,712,187,136,164,246,425,424,472,389,457,520],
[366,752,857,429,689,790,946,741,593,129,417,614,771,1031,615,887,692,583,457,708,420,414,771,453,467,432,234,921,1003,1062,315,424,381,803,290,166,576,860,549,0,72,617,763,373,792,1125,739,1014,245,217,773,539,449,161,376,609,536,393,824,421,397,633,57,444,689,534,603,584,271,216,499,693,863,444,665,670,753,765,856,899,426,890,892,291,16,182,949,746,426,836,436,654,414,762,888,513,196,839,745,912],
[306,698,849,435,682,828,961,686,592,111,457,611,748,1034,673,842,752,641,466,769,457,351,747,496,493,431,172,871,1003,1050,247,481,392,763,231,94,560,850,563,72,0,657,735,352,782,1128,735,1028,261,269,746,552,432,94,390,567,569,417,787,403,361,693,38,415,633,482,612,523,252,226,445,645,891,476,627,705,714,773,838,871,433,891,882,325,68,112,901,728,464,782,430,677,442,788,874,573,148,823,798,886],
[716,891,540,332,445,173,430,892,362,567,200,384,616,588,213,903,280,207,301,297,200,755,622,165,195,373,823,972,586,727,747,243,332,792,680,732,477,570,244,617,657,0,653,489,526,666,442,491,411,404,650,254,464,745,316,689,105,263,779,471,574,252,619,537,865,737,281,845,505,449,737,794,277,190,689,70,753,348,632,747,326,490,590,332,634,751,982,562,193,956,404,168,229,206,621,253,616,596,213,740],
[505,331,249,412,214,701,534,342,294,634,616,269,54,466,849,259,929,831,415,947,597,496,47,644,519,379,801,334,420,367,591,749,458,156,547,733,209,218,416,763,735,653,0,390,188,543,243,574,562,695,15,409,321,760,479,219,574,521,130,345,377,889,715,320,351,350,371,431,492,570,387,251,632,561,153,624,139,379,145,136,420,356,239,600,775,741,337,103,602,359,357,499,542,559,201,834,591,158,862,150],
[235,457,501,159,336,625,657,453,263,246,341,276,397,699,615,547,704,588,195,724,327,268,397,385,294,125,453,595,664,698,290,454,160,449,224,370,208,499,288,373,352,489,390,0,432,793,393,721,188,328,400,274,81,395,180,270,384,240,463,52,86,650,328,81,412,262,312,363,102,185,253,374,639,312,311,505,399,459,486,526,164,556,531,258,385,383,618,375,335,537,104,424,275,534,522,557,219,471,690,538],
[612,516,74,379,107,540,345,527,215,672,543,189,133,296,735,439,807,723,365,824,525,617,141,561,439,363,881,515,253,269,691,673,431,342,635,801,225,68,321,792,782,526,188,432,0,382,83,387,560,674,175,320,350,827,446,371,468,469,310,380,455,776,755,388,529,493,261,590,530,580,523,430,455,484,319,483,326,205,105,228,385,171,99,570,807,813,512,92,528,547,356,360,479,394,104,742,651,70,723,217],
[991,868,308,696,458,570,242,882,536,1017,784,519,493,94,868,742,910,869,668,921,769,999,499,780,690,697,1246,813,130,230,1068,889,743,674,1009,1161,598,328,583,1125,1128,666,543,793,382,0,400,198,880,965,528,590,713,1185,751,750,668,749,632,742,830,902,1096,762,895,875,524,968,883,909,906,794,430,730,692,598,676,364,400,495,699,237,303,860,1141,1175,797,470,768,879,700,522,743,462,343,920,1011,385,790,469],
[595,556,121,315,59,463,309,564,147,624,465,124,193,307,652,502,723,639,296,740,447,607,200,480,361,306,846,577,271,331,669,593,366,399,609,763,200,138,242,739,735,442,243,393,83,400,0,361,500,606,234,242,313,787,379,388,385,396,372,341,431,692,705,363,559,500,179,603,485,523,524,464,389,406,348,401,374,135,189,308,320,165,165,500,754,776,578,140,449,596,305,276,402,319,183,660,612,154,641,299],
[943,903,327,595,418,377,67,914,459,919,636,451,519,165,683,812,718,687,562,728,624,961,526,624,554,608,1164,887,200,372,1010,726,636,724,946,1076,555,362,465,1014,1028,491,574,721,387,198,361,0,769,832,560,476,648,1097,639,749,513,623,688,674,776,715,994,711,915,861,418,965,798,803,884,817,236,588,703,421,713,262,451,572,596,217,353,732,1030,1091,879,479,621,931,620,371,609,286,401,744,929,423,596,550],
[338,641,620,185,454,575,702,635,352,159,218,375,558,786,478,735,566,447,211,584,213,385,560,263,233,196,416,784,759,828,348,295,136,636,284,325,358,627,304,245,261,411,562,188,560,880,500,769,0,140,569,294,241,341,130,458,315,156,647,220,257,507,225,270,591,434,357,522,125,38,415,561,631,222,498,451,586,519,634,695,181,646,658,92,261,343,807,525,221,723,208,415,185,527,660,400,207,612,580,704],
[451,779,728,295,567,577,765,772,460,211,207,485,688,873,404,875,486,372,310,503,213,501,690,238,278,319,441,924,852,938,439,212,244,775,386,357,488,740,382,217,269,404,695,328,674,965,606,832,140,0,701,376,378,363,227,598,331,215,785,359,394,426,232,410,727,569,443,650,256,151,546,700,661,245,638,461,725,600,757,827,289,738,770,106,232,376,947,650,219,861,338,463,224,564,777,308,290,732,530,834],
[519,345,235,416,208,694,521,357,292,644,617,268,42,451,848,267,927,830,417,945,599,511,34,645,520,384,814,343,405,352,605,751,463,166,560,745,214,203,415,773,746,650,15,400,175,528,234,560,569,701,0,408,329,772,484,234,572,525,138,354,388,888,726,331,367,365,368,446,501,578,402,266,623,562,169,619,153,370,129,126,424,343,224,606,785,754,344,94,603,371,363,495,544,551,185,835,602,143,858,139],
[510,637,361,123,219,358,409,639,116,443,223,142,379,498,440,651,521,421,88,540,205,541,384,242,119,149,692,719,475,570,562,353,160,541,494,602,223,380,14,539,552,254,409,274,320,590,242,476,294,376,408,0,225,623,163,436,165,160,531,241,351,480,517,300,614,496,67,606,330,326,501,540,365,164,434,247,500,227,418,518,122,362,407,270,555,619,730,329,207,701,173,150,161,260,424,428,460,387,468,516],
[297,441,420,135,255,583,586,439,189,324,346,198,322,620,614,503,702,588,162,721,329,321,323,386,276,92,533,559,584,618,362,470,162,400,298,451,127,418,239,449,432,464,321,81,350,713,313,648,241,378,329,225,0,476,185,241,361,241,407,29,130,651,407,75,406,273,249,382,180,249,276,349,583,305,266,469,350,386,407,456,143,476,450,292,462,464,579,297,336,515,61,374,272,480,441,569,301,391,673,466],
[286,680,897,501,732,914,1030,666,650,182,546,666,779,1091,767,837,847,735,535,864,545,324,777,586,574,491,78,859,1058,1092,209,575,463,768,220,27,602,894,634,161,94,745,760,395,827,1185,787,1097,341,363,772,623,476,0,465,573,654,498,796,447,384,787,131,446,612,472,679,493,302,303,432,639,971,561,638,791,721,838,874,894,500,948,926,413,151,29,891,765,552,762,485,754,526,867,914,668,175,862,892,910],
[399,624,501,69,339,467,571,622,232,283,163,257,466,658,435,686,524,408,84,544,148,439,469,205,122,101,537,743,633,711,433,285,23,579,365,446,270,512,173,376,390,316,479,180,446,751,379,639,130,227,484,163,185,465,0,426,212,59,582,179,267,471,355,245,585,441,227,544,191,164,433,534,508,132,450,343,531,389,530,607,62,519,542,124,392,464,762,426,155,700,129,289,94,402,549,384,311,505,511,612],
[298,202,443,374,335,784,698,203,348,480,587,337,260,666,853,280,940,828,396,959,570,282,255,626,512,331,604,325,622,586,385,711,403,195,353,545,222,421,448,609,567,689,219,270,371,750,388,749,458,598,234,436,241,573,426,0,591,482,223,249,213,891,555,189,180,131,431,219,353,452,169,108,751,544,69,682,147,512,361,335,382,539,447,525,618,551,349,280,577,274,300,570,513,659,415,810,418,367,902,357],
[611,793,495,228,375,260,447,794,280,473,125,304,542,582,275,816,356,258,198,375,117,650,547,112,91,270,730,883,571,695,645,222,227,706,577,639,386,520,157,536,569,105,574,384,468,668,385,513,315,331,572,165,361,654,212,591,0,161,696,367,470,315,531,434,764,634,209,741,403,353,633,697,330,93,595,136,664,318,571,678,222,465,544,245,552,658,895,489,112,861,301,145,129,234,568,275,517,537,311,674],
[455,682,517,112,363,420,556,680,254,316,104,281,503,657,376,737,465,349,108,484,88,496,507,146,76,152,573,797,636,727,484,231,81,629,416,482,313,533,166,393,417,263,521,240,469,749,396,623,156,215,525,160,241,498,59,482,161,0,629,238,326,412,380,304,644,501,228,603,242,194,493,591,474,74,503,296,582,385,560,645,104,523,562,110,409,499,814,459,96,757,182,261,35,371,573,328,355,532,453,648],
[520,242,361,517,344,831,653,258,418,694,728,395,179,566,971,129,1053,951,526,1071,710,500,172,760,635,480,826,205,519,428,607,860,560,44,576,769,317,326,539,824,787,779,130,463,310,632,372,688,647,785,138,531,407,796,582,223,696,629,0,426,426,1011,772,384,284,341,498,392,559,649,383,193,761,676,159,753,76,508,238,145,525,471,339,698,834,774,206,232,715,247,454,629,653,689,294,950,638,265,990,171],
[273,445,449,139,285,597,611,442,215,296,342,226,349,648,613,518,702,587,170,721,326,300,349,384,280,98,504,571,613,647,336,463,157,416,271,422,156,447,255,421,403,471,345,52,380,742,341,674,220,359,354,241,29,447,179,249,367,238,426,0,110,650,378,67,406,267,271,374,152,225,265,356,602,305,280,481,367,412,435,481,146,505,479,277,434,435,592,325,334,522,69,391,271,498,470,564,271,419,678,492],
[167,384,529,243,372,706,715,378,319,268,427,325,395,738,701,494,790,673,277,809,413,190,393,471,380,204,429,535,700,714,237,536,246,406,180,356,232,520,365,397,361,574,377,86,455,830,431,776,257,394,388,351,130,384,267,213,470,326,426,110,0,736,345,67,334,179,380,277,141,244,167,308,712,399,268,588,356,515,492,511,248,596,551,336,407,366,561,385,421,467,178,501,361,608,535,641,214,483,777,527],
[845,1092,792,516,688,343,661,1091,595,634,308,620,857,831,40,1129,59,62,495,77,323,891,862,265,380,559,865,1194,832,978,853,216,493,1019,791,783,697,821,472,633,693,252,889,650,776,902,692,715,507,426,888,480,651,787,471,891,315,412,1011,650,736,0,657,716,1056,912,522,1013,629,540,903,999,482,346,903,310,975,600,880,991,508,741,842,415,647,802,1208,804,316,1164,590,420,378,443,872,120,706,846,154,987],
[308,695,821,401,653,789,926,683,561,82,418,581,726,1002,636,832,716,604,432,734,419,356,725,458,456,399,209,865,972,1023,258,444,357,750,232,126,535,822,528,57,38,619,715,328,755,1096,705,994,225,232,726,517,407,131,355,555,531,380,772,378,345,657,0,395,631,477,578,526,226,191,442,637,854,438,613,667,700,740,814,851,399,860,854,287,63,145,894,704,426,779,400,640,405,751,848,538,139,798,761,865],
[232,381,461,206,304,658,650,377,255,314,408,260,334,670,680,465,769,654,236,788,393,251,332,450,347,163,495,514,632,648,305,527,223,368,247,419,164,453,314,444,415,537,320,81,388,762,363,711,270,410,331,300,75,446,245,189,434,304,384,67,67,716,395,0,339,200,322,308,175,266,201,294,656,372,230,544,318,451,428,456,213,529,485,337,455,429,537,320,400,459,133,449,338,554,469,629,272,417,745,470],
[328,69,597,541,509,964,868,54,528,569,748,517,403,818,1019,253,1107,993,567,1127,733,288,397,790,682,498,620,252,772,706,404,866,563,240,402,585,402,569,626,689,633,865,351,412,529,895,559,915,591,727,367,614,406,612,585,180,764,644,284,406,334,1056,631,339,0,158,611,128,471,576,189,100,931,710,212,861,221,688,495,428,549,701,591,669,694,585,286,437,740,150,467,750,677,839,552,968,492,510,1076,454],
[186,218,567,406,442,853,806,208,430,412,604,427,390,790,877,366,966,850,436,985,589,159,385,647,547,364,491,389,746,717,270,716,420,306,254,444,311,547,509,534,482,737,350,262,493,875,500,861,434,569,365,496,273,472,441,131,634,501,341,267,179,912,477,200,158,0,507,110,313,418,41,167,839,571,199,742,264,613,491,464,413,658,575,516,540,446,420,405,597,302,333,641,535,740,545,820,337,496,945,487],
[545,627,296,177,166,352,351,631,84,502,286,103,335,431,482,623,559,466,146,576,268,571,340,300,182,192,746,693,408,504,603,413,221,513,536,657,209,317,63,603,612,281,371,312,261,524,179,418,357,443,368,67,249,679,227,431,209,228,498,271,380,522,578,322,611,507,0,618,381,388,518,530,334,227,419,257,475,162,362,469,179,294,344,337,619,673,702,282,270,686,208,138,228,233,363,482,512,329,492,465],
[217,197,663,513,547,964,911,181,540,473,705,536,477,886,978,379,1068,950,544,1087,691,171,471,749,653,471,495,381,841,797,283,811,523,351,293,467,420,639,619,584,523,845,431,363,590,968,603,965,522,650,446,606,382,493,544,219,741,603,392,374,277,1013,526,308,128,110,618,0,397,500,110,199,949,675,278,852,320,720,576,529,519,758,665,608,587,464,415,499,699,274,441,751,638,851,631,916,390,584,1051,554],
[217,525,598,207,431,658,732,517,347,144,329,364,499,789,597,634,686,567,243,705,319,262,499,374,313,189,366,677,756,798,242,419,180,541,174,279,308,598,343,271,252,505,492,102,530,883,485,798,125,256,501,330,180,302,191,353,403,242,559,152,141,629,226,175,471,313,381,397,0,105,290,450,692,317,403,535,491,537,587,628,208,645,630,215,283,294,702,477,327,608,182,473,277,586,622,525,130,571,691,640],
[309,629,642,212,475,613,735,622,377,121,256,398,570,815,512,731,599,480,241,618,251,357,571,300,271,217,378,777,787,849,313,326,166,635,251,287,371,648,337,216,226,449,570,185,580,909,523,803,38,151,578,326,249,303,164,452,353,194,649,225,244,540,191,266,576,418,388,500,105,0,395,552,668,261,497,490,585,550,650,705,209,673,679,126,232,305,802,540,259,712,225,452,224,563,678,431,169,630,617,715],
[145,252,597,404,465,860,828,241,445,380,594,443,425,819,868,406,957,840,436,977,580,117,420,638,544,363,450,428,776,753,229,702,413,348,215,404,330,579,515,499,445,737,387,253,523,906,524,884,415,546,402,501,276,432,433,169,633,493,383,265,167,903,442,201,189,41,518,110,290,395,0,208,852,565,238,746,306,632,526,504,410,684,607,499,505,406,459,436,588,337,334,649,528,751,579,806,303,529,942,526],
[353,97,497,482,416,883,771,101,446,567,695,432,303,717,961,198,1048,936,504,1067,678,323,296,734,620,439,658,228,671,608,437,819,511,151,419,611,321,469,552,693,645,794,251,374,430,794,464,817,561,700,266,540,349,639,534,108,697,591,193,356,308,999,637,294,100,167,530,199,450,552,208,0,841,652,116,784,123,595,394,332,490,601,491,631,701,613,256,338,685,166,409,669,622,753,451,919,498,410,1007,358],
[875,936,428,487,427,141,191,943,408,789,455,414,582,373,451,891,482,458,450,492,447,903,589,431,398,514,1045,966,389,558,927,520,513,788,859,954,531,466,351,863,891,277,632,639,455,430,389,236,631,661,623,365,583,971,508,751,330,474,761,602,712,482,854,656,931,839,334,949,692,668,852,841,0,419,725,208,762,253,551,679,485,334,473,572,880,971,966,529,442,983,536,219,450,106,517,521,819,516,360,663],
[530,745,524,169,382,353,521,744,276,380,59,303,537,640,309,789,396,284,151,416,41,571,541,84,45,213,637,851,624,731,558,190,152,679,490,546,358,544,164,444,476,190,561,312,484,730,406,588,222,245,562,164,305,561,132,544,93,74,676,305,399,346,438,372,710,571,227,675,317,261,565,652,419,0,558,229,634,369,581,677,162,513,571,152,460,565,867,488,43,818,244,217,39,320,588,274,426,551,378,677],
[367,211,389,391,299,770,656,218,334,536,606,318,199,611,864,237,949,841,407,968,588,352,193,642,522,350,671,294,566,520,454,734,427,138,419,611,211,363,445,665,627,689,153,311,319,692,348,703,498,638,169,434,266,638,450,69,595,503,159,280,268,903,613,230,212,199,419,278,403,497,238,116,725,558,0,675,88,478,297,266,399,490,388,558,675,616,312,226,594,267,321,557,531,638,353,830,479,307,902,288],
[738,881,489,346,411,123,361,884,341,610,254,360,583,522,273,879,330,271,311,345,249,774,589,225,222,384,867,950,522,669,776,311,356,769,708,776,464,521,234,670,705,70,624,505,483,598,401,421,451,461,619,247,469,791,343,682,136,296,753,481,588,310,667,544,861,742,257,852,535,490,746,784,208,229,675,0,733,294,589,708,341,431,539,380,686,794,958,528,243,942,412,125,266,136,573,323,652,553,240,700],
[444,192,388,470,335,820,672,205,392,624,684,372,193,603,936,154,1020,915,483,1039,666,423,186,718,596,430,750,219,556,485,530,814,509,50,501,693,278,356,509,753,714,753,139,399,326,676,374,713,586,725,153,500,350,721,531,147,664,582,76,367,356,975,700,318,221,264,475,320,491,585,306,123,762,634,88,733,0,510,276,209,478,496,375,642,763,698,232,237,672,222,402,611,609,682,333,908,565,295,966,234],
[682,688,196,338,178,336,199,696,197,663,425,190,328,272,561,637,624,554,308,640,409,702,335,427,327,347,904,713,255,379,748,540,383,535,683,816,302,230,219,765,773,348,379,459,205,364,135,262,519,600,370,227,386,838,389,512,318,385,508,412,515,600,740,451,688,613,162,720,537,550,632,595,253,369,478,294,510,0,307,433,340,146,246,495,781,831,713,275,409,731,358,181,379,190,283,589,668,271,529,420],
[635,469,127,461,199,643,421,482,307,731,640,279,101,328,840,360,912,827,453,929,621,632,106,660,537,439,921,436,281,226,719,772,512,278,670,847,280,89,421,856,838,632,145,486,105,400,189,451,634,757,129,418,407,874,530,361,571,560,238,435,492,880,814,428,495,491,362,576,587,650,526,394,551,581,297,589,276,307,0,128,468,237,101,654,870,857,428,110,624,485,425,465,572,497,57,844,700,36,829,113],
[631,387,254,538,303,768,547,403,402,770,734,375,141,436,951,247,1027,936,537,1044,715,618,138,759,633,508,932,319,389,284,718,867,587,189,678,866,339,216,523,899,871,747,136,526,228,495,308,572,695,827,126,518,456,894,607,335,678,645,145,481,511,991,851,456,428,464,469,529,628,705,504,332,679,677,266,708,209,433,128,0,546,362,220,730,911,874,308,189,719,386,489,584,662,623,171,946,726,163,949,26],
[398,583,441,8,278,461,529,582,172,323,206,197,405,605,471,633,558,446,34,578,189,433,407,244,134,50,570,693,578,650,443,336,46,525,374,480,210,451,135,426,433,326,420,164,385,699,320,596,181,289,424,122,143,500,62,382,222,104,525,146,248,508,399,213,549,413,179,519,208,209,410,490,485,162,399,341,478,340,468,546,0,464,482,186,441,496,710,364,195,656,82,266,131,379,487,430,337,443,532,550],
[760,687,110,461,224,449,184,698,298,780,570,281,302,143,703,597,761,697,435,775,554,771,309,574,470,460,1009,672,113,237,834,687,509,507,773,924,365,147,356,890,891,490,356,556,171,237,165,217,646,738,343,362,476,948,519,539,465,523,471,505,596,741,860,529,701,658,294,758,645,673,684,601,334,513,490,431,496,146,237,362,464,0,144,632,905,938,666,263,554,714,463,327,520,309,191,735,773,207,657,342],
[705,568,50,476,204,577,327,581,310,772,630,285,189,227,803,460,869,793,460,885,612,707,195,643,526,462,979,535,181,169,786,757,528,379,732,900,324,31,407,892,882,590,239,531,99,303,165,353,658,770,224,407,450,926,542,447,544,562,339,479,551,842,854,485,591,575,344,665,630,679,607,491,473,571,388,539,375,246,101,220,482,144,0,665,906,912,526,171,614,586,455,422,568,432,48,819,750,81,775,199],
[430,716,622,193,462,502,664,711,354,236,133,380,589,767,386,795,473,355,204,492,132,477,592,176,178,221,490,849,745,832,439,204,143,691,376,400,391,635,276,291,325,332,600,258,570,860,500,732,92,106,606,270,292,413,124,525,245,110,698,277,336,415,287,337,669,516,337,608,215,126,499,631,572,152,558,380,642,495,654,730,186,632,665,0,308,419,870,550,139,796,244,365,123,471,673,309,295,629,491,735],
[369,758,871,444,704,806,962,746,608,140,433,629,783,1047,629,895,706,598,473,722,436,416,783,469,483,447,223,928,1019,1076,315,439,397,812,294,158,590,875,565,16,68,634,775,385,807,1141,754,1030,261,232,785,555,462,151,392,618,552,409,834,434,407,647,63,455,694,540,619,587,283,232,505,701,880,460,675,686,763,781,870,911,441,905,906,308,0,174,957,759,443,842,451,670,430,779,902,527,203,852,760,924],
[260,653,884,496,720,918,1025,639,641,184,552,656,761,1081,781,812,862,749,531,879,551,297,760,594,576,483,73,833,1047,1077,181,588,460,745,197,19,588,880,631,182,112,751,741,383,813,1175,776,1091,343,376,754,619,464,29,464,551,658,499,774,435,366,802,145,429,585,446,673,464,294,305,406,613,971,565,616,794,698,831,857,874,496,938,912,419,174,0,864,749,558,735,476,754,529,866,898,683,164,847,903,891],
[604,218,555,702,550,1038,850,234,620,823,916,598,385,743,1168,79,1252,1147,716,1270,898,569,378,951,829,662,904,35,697,575,685,1046,739,189,674,863,510,518,740,949,901,982,337,618,512,797,578,879,807,947,344,730,579,891,762,349,895,814,206,592,561,1208,894,537,286,420,702,415,702,802,459,256,966,867,312,958,232,713,428,308,710,666,526,870,957,864,0,439,904,150,633,834,841,896,478,1140,754,460,1194,332],
[534,425,163,357,117,600,435,435,213,621,546,186,55,386,764,362,841,747,351,858,527,535,61,570,444,331,815,437,342,328,616,679,407,259,564,739,169,142,334,746,728,562,103,375,92,470,140,479,525,650,94,329,297,765,426,280,489,459,232,325,385,804,704,320,437,405,282,499,477,540,436,338,529,488,226,528,237,275,110,189,364,263,171,550,759,749,439,0,531,459,316,403,475,457,149,757,590,97,768,188],
[543,777,566,203,425,363,554,775,318,375,16,345,579,679,280,826,369,253,189,388,8,586,582,50,88,246,629,888,664,773,565,147,177,718,499,539,398,587,207,426,464,193,602,335,528,768,449,621,221,219,603,207,336,552,155,577,112,96,715,334,421,316,426,400,740,597,270,699,327,259,588,685,442,43,594,243,672,409,624,719,195,554,614,139,443,558,904,531,0,851,276,250,63,347,631,235,428,594,363,719],
[478,84,604,648,556,1035,893,96,601,715,861,585,413,813,1126,151,1213,1102,668,1232,844,438,405,900,785,605,769,115,766,669,554,985,677,207,551,736,479,570,712,836,782,956,359,537,547,879,596,931,723,861,371,701,515,762,700,274,861,757,247,522,467,1164,779,459,150,302,686,274,608,712,337,166,983,818,267,942,222,731,485,386,656,714,586,796,842,735,150,459,851,0,574,824,787,901,541,1085,640,509,1169,412],
[338,501,420,74,252,528,555,500,165,319,286,181,350,606,553,556,641,528,102,660,269,368,352,326,215,31,548,615,574,625,394,413,106,450,328,461,150,424,187,436,430,404,357,104,356,700,305,620,208,338,363,173,61,485,129,300,301,182,454,69,178,590,400,133,467,333,208,441,182,225,334,409,536,244,321,412,402,358,425,489,82,463,455,244,451,476,633,316,276,574,0,323,213,432,453,510,312,405,612,496],
[660,766,371,268,286,214,304,770,223,572,265,239,458,437,381,756,448,373,232,464,253,691,464,257,187,298,827,827,428,561,709,366,294,646,641,736,348,401,136,654,677,168,499,424,360,522,276,371,415,463,495,150,374,754,289,570,145,261,629,391,501,420,640,449,750,641,138,751,473,452,649,669,219,217,557,125,611,181,465,584,266,327,422,365,670,754,834,403,250,824,323,0,241,113,452,408,600,430,365,575],
[491,714,522,139,374,389,541,712,265,344,74,292,521,652,342,764,431,316,127,450,57,532,525,113,54,182,601,825,633,731,518,207,115,655,451,510,336,540,164,414,442,229,542,275,479,743,402,609,185,224,544,161,272,526,94,513,129,35,653,271,361,378,405,338,677,535,228,638,277,224,528,622,450,39,531,266,609,379,572,662,131,520,568,123,430,529,841,475,63,787,213,241,0,348,583,299,388,543,417,664],
[770,849,384,381,347,146,224,855,312,685,360,321,512,388,407,819,456,407,344,469,351,799,518,342,295,409,940,893,391,545,821,441,408,712,753,849,437,419,246,762,788,206,559,534,394,462,319,286,527,564,551,260,480,867,402,659,234,371,689,498,608,443,751,554,839,740,233,851,586,563,751,753,106,320,638,136,682,190,497,623,379,309,432,471,779,866,896,457,347,901,432,113,348,0,471,459,713,461,348,610],
[683,526,88,481,210,617,375,539,319,766,647,292,154,272,832,413,901,821,468,917,629,682,160,663,543,463,964,487,225,178,765,776,533,334,714,888,314,52,425,888,874,621,201,522,104,343,183,401,660,777,185,424,441,914,549,415,568,573,294,470,535,872,848,469,552,545,363,631,622,678,579,451,517,588,353,573,333,283,57,171,487,191,48,673,902,898,478,149,631,541,453,452,583,471,0,843,739,51,811,151],
[739,1009,770,438,646,393,684,1006,544,519,224,571,807,840,108,1062,179,80,424,195,241,786,812,190,315,480,745,1124,835,968,741,105,407,953,681,664,632,795,424,513,573,253,834,557,742,920,660,744,400,308,835,428,569,668,384,810,275,328,950,564,641,120,538,629,968,820,482,916,525,431,806,919,521,274,830,323,908,589,844,946,430,735,819,309,527,683,1140,757,235,1085,510,408,299,459,843,0,592,811,253,945],
[174,555,721,336,556,776,863,544,477,84,425,492,606,917,679,694,765,647,372,783,420,224,605,470,430,320,236,725,883,917,149,489,305,614,100,150,426,718,472,196,148,616,591,219,651,1011,612,929,207,290,602,460,301,175,311,418,517,355,638,271,214,706,139,272,492,337,512,390,130,169,303,498,819,426,479,652,565,668,700,726,337,773,750,295,203,164,754,590,428,640,312,600,388,713,739,592,0,687,787,741],
[631,488,96,436,169,607,390,501,278,715,609,251,108,308,806,390,877,793,425,894,591,631,114,628,506,416,912,465,261,230,714,740,488,302,662,836,263,61,389,839,823,596,158,471,70,385,154,423,612,732,143,387,391,862,505,367,537,532,265,419,483,846,798,417,510,496,329,584,571,630,529,410,516,551,307,553,295,271,36,163,443,207,81,629,852,847,460,97,594,509,405,430,543,461,51,811,687,0,793,149],
[907,1104,726,538,651,219,549,1105,574,725,363,595,823,727,145,1115,129,172,510,135,372,949,829,317,398,581,970,1184,736,894,928,321,530,1004,862,884,691,759,457,745,798,213,862,690,723,790,641,596,580,530,858,468,673,892,511,902,311,453,990,678,777,154,761,745,1076,945,492,1051,691,617,942,1007,360,378,902,240,966,529,829,949,532,657,775,491,760,903,1194,768,363,1169,612,365,417,348,811,253,787,793,0,940],
