{
"type": "ttp", 
"numberOfCities": 10, 
"maxWeight": 20823, 
"droppingRate": 0.9, 
"droppingConstant": 10, 
"rentingRate": 1, 
"matrix": [
[0,395,686,394,535,859,882,382,486,258],
[395,0,580,576,510,980,860,17,543,630],
[686,580,0,436,167,529,294,591,268,739],
[394,576,436,0,272,465,529,574,167,324],
[535,510,167,272,0,487,364,517,109,571],
[859,980,529,465,487,0,329,984,436,734],
[882,860,294,529,364,329,0,870,396,852],
[382,17,591,574,517,984,870,0,547,620],
[486,543,268,167,109,436,396,547,0,481],
[258,630,739,324,571,734,852,620,481,0]
]
, 
 "items": [
[394,384,1],[897,887,1],[788,778,1],[926,916,1],[804,794,1],[346,336,1],[397,387,1],[503,493,1],[660,650,1],[432,422,1],[373,363,2],[38,28,2],[701,691,2],[70,60,2],[774,764,2],[937,927,2],[551,541,2],[437,427,2],[183,173,2],[747,737,2],[222,212,3],[379,369,3],[578,568,3],[440,430,3],[793,783,3],[541,531,3],[873,863,3],[134,124,3],[78,68,3],[146,136,3],[940,930,4],[813,803,4],[33,23,4],[69,59,4],[80,70,4],[178,168,4],[404,394,4],[467,457,4],[22,12,4],[53,43,4],[240,230,5],[384,374,5],[432,422,5],[930,920,5],[795,785,5],[548,538,5],[209,199,5],[335,325,5],[326,316,5],[381,371,5],[424,414,6],[537,527,6],[102,92,6],[991,981,6],[967,957,6],[884,874,6],[873,863,6],[181,171,6],[1007,997,6],[292,282,6],[316,306,7],[936,926,7],[95,85,7],[338,328,7],[347,337,7],[516,506,7],[857,847,7],[740,730,7],[324,314,7],[868,858,7],[135,125,8],[906,896,8],[593,583,8],[556,546,8],[825,815,8],[378,368,8],[445,435,8],[375,365,8],[54,44,8],[761,751,8],[98,88,9],[819,809,9],[287,277,9],[189,179,9],[799,789,9],[595,585,9],[414,404,9],[662,652,9],[765,755,9],[410,400,9]]
}
