{
"type": "ttp", 
"numberOfCities": 10, 
"maxWeight": 1558, 
"droppingRate": 0.9, 
"droppingConstant": 10, 
"rentingRate": 1, 
"matrix": [
[0,395,686,394,535,859,882,382,486,258],
[395,0,580,576,510,980,860,17,543,630],
[686,580,0,436,167,529,294,591,268,739],
[394,576,436,0,272,465,529,574,167,324],
[535,510,167,272,0,487,364,517,109,571],
[859,980,529,465,487,0,329,984,436,734],
[882,860,294,529,364,329,0,870,396,852],
[382,17,591,574,517,984,870,0,547,620],
[486,543,268,167,109,436,396,547,0,481],
[258,630,739,324,571,734,852,620,481,0]
]
, 
 "items": [
[394,384,1],[897,887,2],[788,778,3],[926,916,4],[804,794,5],[346,336,6],[397,387,7],[503,493,8],[660,650,9]]
}
