{
"type": "ttp", 
"numberOfCities": 20, 
"maxWeight": 27492, 
"droppingRate": 0.9, 
"droppingConstant": 10, 
"rentingRate": 1, 
"matrix": [
[0,395,686,394,535,859,882,382,486,258,545,492,534,900,814,552,903,784,430,922],
[395,0,580,576,510,980,860,17,543,630,787,529,385,796,1054,189,1142,1029,598,1161],
[686,580,0,436,167,529,294,591,268,739,582,244,195,222,753,486,819,743,417,835],
[394,576,436,0,272,465,529,574,167,324,214,191,397,602,478,625,566,453,36,585],
[535,510,167,272,0,487,364,517,109,571,441,82,171,366,648,472,724,633,258,742],
[859,980,529,465,487,0,329,984,436,734,372,451,655,509,314,960,341,324,430,351],
[882,860,294,529,364,329,0,870,396,852,570,389,479,183,627,780,668,630,495,679],
[382,17,591,574,517,984,870,0,547,620,784,534,396,809,1053,207,1141,1028,598,1160],
[486,543,268,167,109,436,396,547,0,481,334,27,263,442,555,541,635,537,150,653],
[258,630,739,324,571,734,852,620,481,0,370,500,643,922,610,759,694,578,356,712],
[545,787,582,214,441,372,570,784,334,370,0,361,593,695,273,838,363,246,202,382],
[492,529,244,191,82,451,389,534,27,500,361,0,237,425,580,519,659,562,176,677],
[534,385,195,397,171,655,479,396,263,643,593,237,0,414,816,309,894,800,395,912],
[900,796,222,602,366,509,183,809,442,922,695,425,414,0,795,682,842,794,575,854],
[814,1054,753,478,648,314,627,1053,555,610,273,580,816,795,0,1089,89,32,457,108],
[552,189,486,625,472,960,780,207,541,759,838,519,309,682,1089,0,1173,1069,637,1191],
[903,1142,819,566,724,341,668,1141,635,694,363,659,894,842,89,1173,0,118,544,19],
[784,1029,743,453,633,324,630,1028,537,578,246,562,800,794,32,1069,118,0,434,137],
[430,598,417,36,258,430,495,598,150,356,202,176,395,575,457,637,544,434,0,563],
[922,1161,835,585,742,351,679,1160,653,712,382,677,912,854,108,1191,19,137,563,0]
]
, 
 "items": [
[394,384,1],[897,887,1],[788,778,1],[926,916,1],[804,794,1],[346,336,1],[397,387,1],[503,493,1],[660,650,1],[432,422,1],[373,363,2],[38,28,2],[701,691,2],[70,60,2],[774,764,2],[937,927,2],[551,541,2],[437,427,2],[183,173,2],[747,737,2],[222,212,3],[379,369,3],[578,568,3],[440,430,3],[793,783,3],[541,531,3],[873,863,3],[134,124,3],[78,68,3],[146,136,3],[940,930,4],[813,803,4],[33,23,4],[69,59,4],[80,70,4],[178,168,4],[404,394,4],[467,457,4],[22,12,4],[53,43,4],[240,230,5],[384,374,5],[432,422,5],[930,920,5],[795,785,5],[548,538,5],[209,199,5],[335,325,5],[326,316,5],[381,371,5],[424,414,6],[537,527,6],[102,92,6],[991,981,6],[967,957,6],[884,874,6],[873,863,6],[181,171,6],[1007,997,6],[292,282,6],[316,306,7],[936,926,7],[95,85,7],[338,328,7],[347,337,7],[516,506,7],[857,847,7],[740,730,7],[324,314,7],[868,858,7],[135,125,8],[906,896,8],[593,583,8],[556,546,8],[825,815,8],[378,368,8],[445,435,8],[375,365,8],[54,44,8],[761,751,8],[98,88,9],[819,809,9],[287,277,9],[189,179,9],[799,789,9],[595,585,9],[414,404,9],[662,652,9],[765,755,9],[410,400,9],[943,933,10],[71,61,10],[687,677,10],[379,369,10],[750,740,10],[23,13,10],[237,227,10],[597,587,10],[105,95,10],[550,540,10],[806,796,11],[581,571,11],[445,435,11],[389,379,11],[478,468,11],[612,602,11],[108,98,11],[913,903,11],[328,318,11],[503,493,11],[663,653,12],[767,757,12],[312,302,12],[291,281,12],[297,287,12],[452,442,12],[876,866,12],[700,690,12],[455,445,12],[630,620,12],[451,441,13],[740,730,13],[42,32,13],[128,118,13],[108,98,13],[782,772,13],[492,482,13],[686,676,13],[720,710,13],[938,928,13],[578,568,14],[867,857,14],[508,498,14],[364,354,14],[597,587,14],[976,966,14],[317,307,14],[694,684,14],[230,220,14],[635,625,14],[539,529,15],[882,872,15],[743,733,15],[840,830,15],[514,504,15],[30,20,15],[281,271,15],[379,369,15],[719,709,15],[726,716,15],[351,341,16],[160,150,16],[807,797,16],[734,724,16],[629,619,16],[256,246,16],[857,847,16],[462,452,16],[932,922,16],[566,556,16],[390,380,17],[499,489,17],[775,765,17],[239,229,17],[852,842,17],[361,351,17],[204,194,17],[511,501,17],[45,35,17],[775,765,17],[135,125,18],[925,915,18],[998,988,18],[867,857,18],[754,744,18],[502,492,18],[238,228,18],[376,366,18],[870,860,18],[947,937,18],[443,433,19],[562,552,19],[448,438,19],[239,229,19],[286,276,19],[418,408,19],[485,475,19],[132,122,19],[869,859,19],[406,396,19]]
}
