{
"type": "ttp", 
"numberOfCities": 50, 
"maxWeight": 16130, 
"droppingRate": 0.9, 
"droppingConstant": 10, 
"rentingRate": 1, 
"matrix": [
[0,395,686,394,535,859,882,382,486,258,545,492,534,900,814,552,903,784,430,922,535,50,531,591,520,361,306,573,861,861,87,633,383,488,75,259,394,674,524,366,306,716,505,235,612,991,595,943,338,451],
[395,0,580,576,510,980,860,17,543,630,787,529,385,796,1054,189,1142,1029,598,1161,770,356,378,827,714,532,689,183,749,670,472,908,602,198,467,653,418,549,649,752,698,891,331,457,516,868,556,903,641,779],
[686,580,0,436,167,529,294,591,268,739,582,244,195,222,753,486,819,743,417,835,565,692,202,595,479,425,953,562,178,210,765,709,487,397,709,872,297,38,360,857,849,540,249,501,74,308,121,327,620,728],
[394,576,436,0,272,465,529,574,167,324,214,191,397,602,478,625,566,453,36,585,197,428,400,252,141,43,570,685,574,645,440,344,51,517,372,480,203,445,136,429,435,332,412,159,379,696,315,595,185,295],
[535,510,167,272,0,487,364,517,109,571,441,82,171,366,648,472,724,633,258,742,422,547,177,461,337,258,789,546,329,374,610,572,324,365,550,707,140,173,222,689,682,445,214,336,107,458,59,418,454,567],
[859,980,529,465,487,0,329,984,436,734,372,451,655,509,314,960,341,324,430,351,370,893,661,339,346,501,990,1033,520,682,899,409,478,852,831,900,562,565,344,790,828,173,701,625,540,570,463,377,575,577],
[882,860,294,529,364,329,0,870,396,852,570,389,479,183,627,780,668,630,495,679,557,901,487,558,487,542,1098,856,204,378,947,662,569,687,882,1009,497,332,398,946,961,430,534,657,345,242,309,67,702,765],
[382,17,591,574,517,984,870,0,547,620,784,534,396,809,1053,207,1141,1028,598,1160,768,342,389,825,714,531,674,200,762,685,458,905,599,213,455,639,421,561,651,741,686,892,342,453,527,882,564,914,635,772],
[486,543,268,167,109,436,396,547,0,481,334,27,263,442,555,541,635,537,150,653,315,507,268,356,231,161,713,610,411,478,551,466,218,430,487,626,126,280,122,593,592,362,294,263,215,536,147,459,352,460],
[258,630,739,324,571,734,852,620,481,0,370,500,643,922,610,759,694,578,356,712,367,309,643,412,392,319,257,795,892,941,231,418,283,674,185,166,452,740,455,129,111,567,634,246,672,1017,624,919,159,211],
[545,787,582,214,441,372,570,784,334,370,0,361,593,695,273,838,363,246,202,382,18,589,597,45,104,256,623,900,680,789,564,133,185,730,499,534,411,603,223,417,457,200,616,341,543,784,465,636,218,207],
[492,529,244,191,82,451,389,534,27,500,361,0,237,425,580,519,659,562,176,677,342,511,242,383,258,182,728,590,392,453,560,493,243,409,497,642,116,254,148,614,611,384,269,276,189,519,124,451,375,485],
[534,385,195,397,171,655,479,396,263,643,593,237,0,414,816,309,894,800,395,912,574,530,7,619,493,369,824,384,368,328,619,726,446,209,571,752,200,166,385,771,748,616,54,397,133,493,193,519,558,688],
[900,796,222,602,366,509,183,809,442,922,695,425,414,0,795,682,842,794,575,854,680,909,421,693,600,603,1152,755,47,207,976,804,650,606,916,1068,506,248,491,1031,1034,588,466,699,296,94,307,165,786,873],
[814,1054,753,478,648,314,627,1053,555,610,273,580,816,795,0,1089,89,32,457,108,287,860,822,229,341,522,845,1155,795,940,825,192,457,979,762,762,658,782,432,615,673,213,849,615,735,868,652,683,478,404],
[552,189,486,625,472,960,780,207,541,759,838,519,309,682,1089,0,1173,1069,637,1191,821,521,302,873,750,585,856,75,635,525,636,969,663,110,618,810,431,449,660,887,842,903,259,547,439,742,502,812,735,875],
[903,1142,819,566,724,341,668,1141,635,694,363,659,894,842,89,1173,0,118,544,19,376,948,900,318,428,609,924,1239,847,999,912,276,546,1062,850,843,742,850,513,692,752,280,929,704,807,910,723,718,566,486],
[784,1029,743,453,633,324,630,1028,537,578,246,562,800,794,32,1069,118,0,434,137,260,830,805,203,318,497,813,1133,793,933,793,160,430,958,731,730,637,771,414,583,641,207,831,588,723,869,639,687,447,372],
[430,598,417,36,258,430,495,598,150,356,202,176,395,575,457,637,544,434,0,563,183,463,399,235,116,72,604,700,549,627,477,334,75,528,408,514,208,430,100,457,466,301,415,195,365,668,296,562,211,310],
[922,1161,835,585,742,351,679,1160,653,712,382,677,912,854,108,1191,19,137,563,0,396,968,917,338,447,629,941,1258,860,1013,930,294,565,1081,869,860,760,866,531,708,769,297,947,724,824,921,740,728,584,503],
[535,770,565,197,422,370,557,768,315,367,18,342,574,680,287,821,376,260,183,396,0,578,578,57,86,239,622,882,664,772,557,152,169,712,491,532,392,585,205,420,457,200,597,327,525,769,447,624,213,213],
[50,356,692,428,547,893,901,342,507,309,589,511,530,909,860,521,948,830,463,968,578,0,526,635,559,393,335,536,869,858,116,681,422,465,124,297,407,677,555,414,351,755,496,268,617,999,607,961,385,501],
[531,378,202,400,177,661,487,389,268,643,597,242,7,421,822,302,900,805,399,917,578,526,0,623,497,371,822,377,375,332,616,730,449,201,569,750,202,172,390,771,747,622,47,397,141,499,200,526,560,690],
[591,827,595,252,461,339,558,825,356,412,45,383,619,693,229,873,318,203,235,338,57,635,623,0,125,295,664,935,681,799,610,114,227,764,545,575,443,617,239,453,496,165,644,385,561,780,480,624,263,238],
[520,714,479,141,337,346,487,714,231,392,104,258,493,600,341,750,428,318,116,447,86,559,497,125,0,184,649,814,582,686,555,234,136,640,487,558,319,499,119,467,493,195,519,294,439,690,361,554,233,278],
[361,532,425,43,258,501,542,531,161,319,256,182,369,603,522,585,609,497,72,629,239,393,371,295,184,0,556,644,573,632,413,384,79,478,345,468,170,431,163,432,431,373,379,125,363,697,306,608,196,319],
[306,689,953,570,789,990,1098,674,713,257,623,728,824,1152,845,856,924,813,604,941,622,335,822,664,649,556,0,871,1118,1143,220,653,534,795,253,91,655,947,705,234,172,823,801,453,881,1246,846,1164,416,441],
[573,183,562,685,546,1033,856,200,610,795,900,590,384,755,1155,75,1239,1133,700,1258,882,536,377,935,814,644,871,0,709,593,653,1028,720,181,643,832,497,525,729,921,871,972,334,595,515,813,577,887,784,924],
[861,749,178,574,329,520,204,762,411,892,680,392,368,47,795,635,847,793,549,860,664,869,375,681,582,573,1118,709,0,174,938,793,623,559,879,1034,468,202,469,1003,1003,586,420,664,253,130,271,200,759,852],
[861,670,210,645,374,682,378,685,478,941,789,453,328,207,940,525,999,933,627,1013,772,858,332,799,686,632,1143,593,174,0,944,913,696,472,893,1066,491,201,568,1062,1050,727,367,698,269,230,331,372,828,938],
[87,472,765,440,610,899,947,458,551,231,564,560,619,976,825,636,912,793,477,930,557,116,616,610,555,413,220,653,938,944,0,637,421,575,68,183,470,755,575,315,247,747,591,290,691,1068,669,1010,348,439],
[633,908,709,344,572,409,662,905,466,418,133,493,726,804,192,969,276,160,334,294,152,681,730,114,234,384,653,1028,793,913,637,0,308,861,577,569,543,731,351,424,481,243,749,454,673,889,593,726,295,212],
[383,602,487,51,324,478,569,599,218,283,185,243,446,650,457,663,546,430,75,565,169,422,449,227,136,79,534,720,623,696,421,308,0,557,352,443,249,497,171,381,392,332,458,160,431,743,366,636,136,244],
[488,198,397,517,365,852,687,213,430,674,730,409,209,606,979,110,1062,958,528,1081,712,465,201,764,640,478,795,181,559,472,575,861,557,0,548,740,321,363,550,803,763,792,156,449,342,674,399,724,636,775],
[75,467,709,372,550,831,882,455,487,185,499,497,571,916,762,618,850,731,408,869,491,124,569,545,487,345,253,643,879,893,68,577,352,548,0,192,411,700,507,290,231,680,547,224,635,1009,609,946,284,386],
[259,653,872,480,707,900,1009,639,626,166,534,642,752,1068,762,810,843,730,514,860,532,297,750,575,558,468,91,832,1034,1066,183,569,443,740,192,0,576,868,614,166,94,732,733,370,801,1161,763,1076,325,357],
[394,418,297,203,140,562,497,421,126,452,411,116,200,506,658,431,742,637,208,760,392,407,202,443,319,170,655,497,468,491,470,543,249,321,411,576,0,292,233,576,560,477,209,208,225,598,200,555,358,488],
[674,549,38,445,173,565,332,561,280,740,603,254,166,248,782,449,850,771,430,866,585,677,172,617,499,431,947,525,202,201,755,731,497,363,700,868,292,0,380,860,850,570,218,499,68,328,138,362,627,740],
[524,649,360,136,222,344,398,651,122,455,223,148,385,491,432,660,513,414,100,531,205,555,390,239,119,163,705,729,469,568,575,351,171,550,507,614,233,380,0,549,563,244,416,288,321,583,242,465,304,382],
[366,752,857,429,689,790,946,741,593,129,417,614,771,1031,615,887,692,583,457,708,420,414,771,453,467,432,234,921,1003,1062,315,424,381,803,290,166,576,860,549,0,72,617,763,373,792,1125,739,1014,245,217],
[306,698,849,435,682,828,961,686,592,111,457,611,748,1034,673,842,752,641,466,769,457,351,747,496,493,431,172,871,1003,1050,247,481,392,763,231,94,560,850,563,72,0,657,735,352,782,1128,735,1028,261,269],
[716,891,540,332,445,173,430,892,362,567,200,384,616,588,213,903,280,207,301,297,200,755,622,165,195,373,823,972,586,727,747,243,332,792,680,732,477,570,244,617,657,0,653,489,526,666,442,491,411,404],
[505,331,249,412,214,701,534,342,294,634,616,269,54,466,849,259,929,831,415,947,597,496,47,644,519,379,801,334,420,367,591,749,458,156,547,733,209,218,416,763,735,653,0,390,188,543,243,574,562,695],
[235,457,501,159,336,625,657,453,263,246,341,276,397,699,615,547,704,588,195,724,327,268,397,385,294,125,453,595,664,698,290,454,160,449,224,370,208,499,288,373,352,489,390,0,432,793,393,721,188,328],
[612,516,74,379,107,540,345,527,215,672,543,189,133,296,735,439,807,723,365,824,525,617,141,561,439,363,881,515,253,269,691,673,431,342,635,801,225,68,321,792,782,526,188,432,0,382,83,387,560,674],
[991,868,308,696,458,570,242,882,536,1017,784,519,493,94,868,742,910,869,668,921,769,999,499,780,690,697,1246,813,130,230,1068,889,743,674,1009,1161,598,328,583,1125,1128,666,543,793,382,0,400,198,880,965],
[595,556,121,315,59,463,309,564,147,624,465,124,193,307,652,502,723,639,296,740,447,607,200,480,361,306,846,577,271,331,669,593,366,399,609,763,200,138,242,739,735,442,243,393,83,400,0,361,500,606],
[943,903,327,595,418,377,67,914,459,919,636,451,519,165,683,812,718,687,562,728,624,961,526,624,554,608,1164,887,200,372,1010,726,636,724,946,1076,555,362,465,1014,1028,491,574,721,387,198,361,0,769,832],
[338,641,620,185,454,575,702,635,352,159,218,375,558,786,478,735,566,447,211,584,213,385,560,263,233,196,416,784,759,828,348,295,136,636,284,325,358,627,304,245,261,411,562,188,560,880,500,769,0,140],
[451,779,728,295,567,577,765,772,460,211,207,485,688,873,404,875,486,372,310,503,213,501,690,238,278,319,441,924,852,938,439,212,244,775,386,357,488,740,382,217,269,404,695,328,674,965,606,832,140,0]
]
, 
 "items": [
[394,384,1],[897,887,1],[788,778,2],[926,916,2],[804,794,3],[346,336,3],[397,387,4],[503,493,4],[660,650,5],[432,422,5],[373,363,6],[38,28,6],[701,691,7],[70,60,7],[774,764,8],[937,927,8],[551,541,9],[437,427,9],[183,173,10],[747,737,10],[222,212,11],[379,369,11],[578,568,12],[440,430,12],[793,783,13],[541,531,13],[873,863,14],[134,124,14],[78,68,15],[146,136,15],[940,930,16],[813,803,16],[33,23,17],[69,59,17],[80,70,18],[178,168,18],[404,394,19],[467,457,19],[22,12,20],[53,43,20],[240,230,21],[384,374,21],[432,422,22],[930,920,22],[795,785,23],[548,538,23],[209,199,24],[335,325,24],[326,316,25],[381,371,25],[424,414,26],[537,527,26],[102,92,27],[991,981,27],[967,957,28],[884,874,28],[873,863,29],[181,171,29],[1007,997,30],[292,282,30],[316,306,31],[936,926,31],[95,85,32],[338,328,32],[347,337,33],[516,506,33],[857,847,34],[740,730,34],[324,314,35],[868,858,35],[135,125,36],[906,896,36],[593,583,37],[556,546,37],[825,815,38],[378,368,38],[445,435,39],[375,365,39],[54,44,40],[761,751,40],[98,88,41],[819,809,41],[287,277,42],[189,179,42],[799,789,43],[595,585,43],[414,404,44],[662,652,44],[765,755,45],[410,400,45],[943,933,46],[71,61,46],[687,677,47],[379,369,47],[750,740,48],[23,13,48],[237,227,49],[597,587,49]]
}
